Red Channel:
L00: 3.570195
L1-1: 2.619314
L10: 0.922600
L11: 0.002174
L2-2: 0.002716
L2-1: 1.979814
L20: 0.004180
L21: -1.712384
L22: -3.496203

Green Channel:
L00: 3.904882
L1-1: 2.777047
L10: 0.913328
L11: 0.002269
L2-2: 0.002721
L2-1: 1.963405
L20: 0.004243
L21: -1.624411
L22: -3.340583

Blue Channel:
L00: 4.536312
L1-1: 3.137330
L10: 0.879146
L11: 0.002364
L2-2: 0.002686
L2-1: 1.895575
L20: 0.004260
L21: -1.461968
L22: -3.039900
